(1302506207408205565888493443754,335558239999103747570178731628) (1304201566601289935253210568713,605025521492098717084146895089)
(983793636193498048255976674069,795557196884229733800829712113) (47088536686709985087034005781,440853987858635018954872771844)
(1267338537349776081927687365397,803778817522579923920863237269) (1086631308231980061897897031004,1321190603710203308271460877214)
(550215584733119342824806494473,493822787389227780535696065211) (1041385947525517738632964885921,1244089900091344216342968677136)
(1477071962341654946698240897670,782248164396228906141831533267) (319603360888875358220403753929,175476109171624150865322817314)
(1303603607905811371057527543731,1412789773878603892349747400048) (530298814776136590632001221563,435764793484726697687140395521)
(635899456206969401412837573535,824815806822012159756833390270) (1094629130885166936430182640948,14053238594489143045505785653)
(831852089694304141520627855469,785719909876414917609368332815) (870444193066073215929957474453,1253807193516781893934129533565)
(913735837309093571450273836223,748165336956401529347336920149) (1199877469533077656716853595951,1291509938003982477009008168628)
(1484037981616823230222400784917,281372039184399720873986539963) (431168091685790167737033916797,459257632312844813571360647909)
(1262084296670547431853524835247,573294578444079234437129042494) (933658802859032229112218475178,1764975226033783056874467786497)
(1178922047611962676320470712940,291377117644966021669710465864) (1196731090456353354981088752382,155651533477619253746030775246)
(1521582723714909038581146581636,706876953213580517421232895598) (171306716524069320149588228887,414880727817774725409899711027)
(1083346701068096697584513856282,1754567111951640048050761049871) (1297380367000691806002285649071,1534777071958144910004434134359)
(1250181521132598103836874922356,582315840993777845195730941492) (1252321460774310435962223439486,1206581338210564058908348973303)
(469474746377167893135492518549,710579259989140478163176474753) (102957975442606735075283255574,452926469763913040230025369521)
